0.0025 1 0 1 2.5
0.0075 1 0 1 2.5
0.0125 1 0 1 2.5
0.0175 1 0 1 2.5
0.0225 1 0 1 2.5
0.0275 1 0 1 2.5
0.0325 1 0 1 2.5
0.0375 1 0 1 2.5
0.0425 1 0 1 2.5
0.0475 1 0 1 2.5
0.0525 1 0 1 2.5
0.0575 1 0 1 2.5
0.0625 1 0 1 2.5
0.0675 1 0 1 2.5
0.0725 1 0 1 2.5
0.0775 1 0 1 2.5
0.0825 1 0 1 2.5
0.0875 1 0 1 2.5
0.0925 1 0 1 2.5
0.0975 1 0 1 2.5
0.1025 1 0 1 2.5
0.1075 1 0 1 2.5
0.1125 1 0 1 2.5
0.1175 1 0 1 2.5
0.1225 1 0 1 2.5
0.1275 1 0 1 2.5
0.1325 1 0 1 2.5
0.1375 1 0 1 2.5
0.1425 1 0 1 2.5
0.1475 1 0 1 2.5
0.1525 1 0 1 2.5
0.1575 1 0 1 2.5
0.1625 1 0 1 2.5
0.1675 1 0 1 2.5
0.1725 1 0 1 2.5
0.1775 1 0 1 2.5
0.1825 1 0 1 2.5
0.1875 1 0 1 2.5
0.1925 1 0 1 2.5
0.1975 1 0 1 2.5
0.2025 0.997737 0.00267996 0.996833 2.49774
0.2075 0.983756 0.0193466 0.977332 2.48368
0.2125 0.969932 0.0360133 0.958159 2.46966
0.2175 0.956263 0.05268 0.939309 2.45568
0.2225 0.942749 0.0693466 0.920778 2.44173
0.2275 0.929389 0.0860133 0.902561 2.42783
0.2325 0.91618 0.10268 0.884653 2.41397
0.2375 0.903122 0.119347 0.867052 2.40015
0.2425 0.890213 0.136013 0.849751 2.38637
0.2475 0.877453 0.15268 0.832747 2.37263
0.2525 0.864839 0.169347 0.816036 2.35892
0.2575 0.85237 0.186013 0.799612 2.34526
0.2625 0.840046 0.20268 0.783473 2.33164
0.2675 0.827865 0.219347 0.767614 2.31805
0.2725 0.815825 0.236013 0.752031 2.30451
0.2775 0.803926 0.25268 0.73672 2.29101
0.2825 0.792166 0.269347 0.721677 2.27754
0.2875 0.780544 0.286013 0.706898 2.26412
0.2925 0.769059 0.30268 0.692379 2.25073
0.2975 0.75771 0.319347 0.678116 2.23739
0.3025 0.746495 0.336013 0.664106 2.22408
0.3075 0.735413 0.35268 0.650345 2.21082
0.3125 0.724463 0.369347 0.636829 2.19759
0.3175 0.713644 0.386013 0.623554 2.1844
0.3225 0.702955 0.40268 0.610518 2.17126
0.3275 0.692394 0.419347 0.597715 2.15815
0.3325 0.68196 0.436013 0.585144 2.14508
0.3375 0.671653 0.45268 0.5728 2.13205
0.3425 0.66147 0.469347 0.560679 2.11906
0.3475 0.651412 0.486013 0.548779 2.10612
0.3525 0.641476 0.50268 0.537097 2.09321
0.3575 0.631662 0.519347 0.525628 2.08034
0.3625 0.621968 0.536013 0.51437 2.06751
0.3675 0.612394 0.55268 0.503319 2.05472
0.3725 0.602938 0.569347 0.492472 2.04197
0.3775 0.593599 0.586013 0.481826 2.02926
0.3825 0.584376 0.60268 0.471378 2.01659
0.3875 0.575268 0.619347 0.461125 2.00396
0.3925 0.566274 0.636013 0.451063 1.99136
0.3975 0.557393 0.65268 0.441191 1.97881
0.4025 0.548624 0.669347 0.431504 1.9663
0.4075 0.539965 0.686013 0.422 1.95383
0.4125 0.531417 0.70268 0.412676 1.9414
0.4175 0.522976 0.719347 0.403529 1.929
0.4225 0.514644 0.736013 0.394556 1.91665
0.4275 0.506417 0.75268 0.385756 1.90434
0.4325 0.498297 0.769347 0.377123 1.89206
0.4375 0.490281 0.786013 0.368657 1.87983
0.4425 0.482368 0.80268 0.360355 1.86763
0.4475 0.474558 0.819347 0.352213 1.85548
0.4525 0.466849 0.836013 0.344229 1.84336
0.4575 0.459241 0.85268 0.336401 1.83129
0.4625 0.451733 0.869347 0.328726 1.81925
0.4675 0.444323 0.886013 0.321202 1.80725
0.4725 0.43701 0.90268 0.313826 1.7953
0.4775 0.429794 0.919347 0.306595 1.78338
0.4825 0.426132 0.932064 0.302943 1.77729
0.4875 0.426132 0.932064 0.302943 1.77729
0.4925 0.426132 0.932064 0.302943 1.77729
0.4975 0.426132 0.932064 0.302943 1.77729
0.5025 0.426132 0.932064 0.302943 1.77729
0.5075 0.426132 0.932064 0.302943 1.77729
0.5125 0.426132 0.932064 0.302943 1.77729
0.5175 0.426132 0.932064 0.302943 1.77729
0.5225 0.426132 0.932064 0.302943 1.77729
0.5275 0.426132 0.932064 0.302943 1.77729
0.5325 0.426132 0.932064 0.302943 1.77729
0.5375 0.426132 0.932064 0.302943 1.77729
0.5425 0.426132 0.932064 0.302943 1.77729
0.5475 0.426132 0.932064 0.302943 1.77729
0.5525 0.426132 0.932064 0.302943 1.77729
0.5575 0.426132 0.932064 0.302943 1.77729
0.5625 0.426132 0.932064 0.302943 1.77729
0.5675 0.426132 0.932064 0.302943 1.77729
0.5725 0.426132 0.932064 0.302943 1.77729
0.5775 0.426132 0.932064 0.302943 1.77729
0.5825 0.426132 0.932064 0.302943 1.77729
0.5875 0.426132 0.932064 0.302943 1.77729
0.5925 0.426132 0.932064 0.302943 1.77729
0.5975 0.426132 0.932064 0.302943 1.77729
0.6025 0.426132 0.932064 0.302943 1.77729
0.6075 0.426132 0.932064 0.302943 1.77729
0.6125 0.426132 0.932064 0.302943 1.77729
0.6175 0.426132 0.932064 0.302943 1.77729
0.6225 0.426132 0.932064 0.302943 1.77729
0.6275 0.426132 0.932064 0.302943 1.77729
0.6325 0.426132 0.932064 0.302943 1.77729
0.6375 0.426132 0.932064 0.302943 1.77729
0.6425 0.426132 0.932064 0.302943 1.77729
0.6475 0.426132 0.932064 0.302943 1.77729
0.6525 0.426132 0.932064 0.302943 1.77729
0.6575 0.426132 0.932064 0.302943 1.77729
0.6625 0.426132 0.932064 0.302943 1.77729
0.6675 0.426132 0.932064 0.302943 1.77729
0.6725 0.426132 0.932064 0.302943 1.77729
0.6775 0.426132 0.932064 0.302943 1.77729
0.6825 0.426132 0.932064 0.302943 1.77729
0.6875 0.426132 0.932064 0.302943 1.77729
0.6925 0.426132 0.932064 0.302943 1.77729
0.6975 0.426132 0.932064 0.302943 1.77729
0.7025 0.426132 0.932064 0.302943 1.77729
0.7075 0.426132 0.932064 0.302943 1.77729
0.7125 0.426132 0.932064 0.302943 1.77729
0.7175 0.426132 0.932064 0.302943 1.77729
0.7225 0.426132 0.932064 0.302943 1.77729
0.7275 0.426132 0.932064 0.302943 1.77729
0.7325 0.265474 0.932064 0.302943 2.85286
0.7375 0.265474 0.932064 0.302943 2.85286
0.7425 0.265474 0.932064 0.302943 2.85286
0.7475 0.265474 0.932064 0.302943 2.85286
0.7525 0.265474 0.932064 0.302943 2.85286
0.7575 0.265474 0.932064 0.302943 2.85286
0.7625 0.265474 0.932064 0.302943 2.85286
0.7675 0.265474 0.932064 0.302943 2.85286
0.7725 0.265474 0.932064 0.302943 2.85286
0.7775 0.265474 0.932064 0.302943 2.85286
0.7825 0.265474 0.932064 0.302943 2.85286
0.7875 0.265474 0.932064 0.302943 2.85286
0.7925 0.265474 0.932064 0.302943 2.85286
0.7975 0.265474 0.932064 0.302943 2.85286
0.8025 0.265474 0.932064 0.302943 2.85286
0.8075 0.265474 0.932064 0.302943 2.85286
0.8125 0.265474 0.932064 0.302943 2.85286
0.8175 0.265474 0.932064 0.302943 2.85286
0.8225 0.265474 0.932064 0.302943 2.85286
0.8275 0.265474 0.932064 0.302943 2.85286
0.8325 0.265474 0.932064 0.302943 2.85286
0.8375 0.265474 0.932064 0.302943 2.85286
0.8425 0.265474 0.932064 0.302943 2.85286
0.8475 0.265474 0.932064 0.302943 2.85286
0.8525 0.265474 0.932064 0.302943 2.85286
0.8575 0.265474 0.932064 0.302943 2.85286
0.8625 0.265474 0.932064 0.302943 2.85286
0.8675 0.265474 0.932064 0.302943 2.85286
0.8725 0.265474 0.932064 0.302943 2.85286
0.8775 0.265474 0.932064 0.302943 2.85286
0.8825 0.265474 0.932064 0.302943 2.85286
0.8875 0.265474 0.932064 0.302943 2.85286
0.8925 0.265474 0.932064 0.302943 2.85286
0.8975 0.265474 0.932064 0.302943 2.85286
0.9025 0.265474 0.932064 0.302943 2.85286
0.9075 0.265474 0.932064 0.302943 2.85286
0.9125 0.265474 0.932064 0.302943 2.85286
0.9175 0.265474 0.932064 0.302943 2.85286
0.9225 0.265474 0.932064 0.302943 2.85286
0.9275 0.265474 0.932064 0.302943 2.85286
0.9325 0.265474 0.932064 0.302943 2.85286
0.9375 0.125 0 0.1 2
0.9425 0.125 0 0.1 2
0.9475 0.125 0 0.1 2
0.9525 0.125 0 0.1 2
0.9575 0.125 0 0.1 2
0.9625 0.125 0 0.1 2
0.9675 0.125 0 0.1 2
0.9725 0.125 0 0.1 2
0.9775 0.125 0 0.1 2
0.9825 0.125 0 0.1 2
0.9875 0.125 0 0.1 2
0.9925 0.125 0 0.1 2
0.9975 0.125 0 0.1 2
